4.23945
4.737879
5.457788
6.389351
7.093503
8.102589
8.75494
9.839347
10.51936
11.51999
12.18808
13.16458
13.90445
14.96443
15.66433
16.6578
17.3653
18.40164
19.0187
20.07842
20.79508
21.84321
22.52652
23.53114
24.28782
25.23537
25.93147
26.97621
27.69654
28.66469
29.39713
30.36626
31.10219
32.0953
32.80712
33.84277
34.54665
35.48679
36.16318
37.27932
37.93637
38.94477
39.69262
40.68444
41.36552
42.38636
43.08945
45.41066
45.81056
46.22731
46.66005
47.09553
47.53611
47.99935
48.38509
48.82432
49.24841
49.68474
50.10065
50.54443
50.9643
51.38479
51.80079
52.23289
52.66452
53.11626
53.49791
53.93339
54.37753
54.82988
55.26188
55.69731
56.12927
56.54525
56.94571
57.36958
57.84129
58.27044
58.71057
59.12238
59.52674
59.96266
60.3904
60.79488
61.23851
61.63863
62.0708
62.51598
62.97186
63.39629
63.84024
64.25968
64.65622
65.07139
65.52428
65.93542
66.35548
66.78378
67.22767
67.6515
68.06857
68.49321
68.91301
69.3606
69.78096
72.9743
73.1424
73.32957
73.5019
73.68957
73.88213
74.07747
74.29359
74.52151
74.72946
74.94575
75.16157
75.39376
75.59798
75.81348
76.02976
76.26593
76.48984
76.71381
76.9346
77.15939
77.3548
77.56265
77.77468
78.00265
78.22294
78.46102
78.67089
78.90354
79.11483
79.35159
79.54372
79.74389
79.95979
80.17617
80.41197
80.61588
80.82
81.03251
81.24426
81.45679
81.6757
81.87968
82.11216
82.32381
82.5358
82.74528
82.96925
83.18494
83.4014
83.60886
83.81689
84.02917
84.24092
84.44492
84.68129
84.88525
85.10489
85.30895
85.517
85.74079
85.95683
86.15732
86.38902
86.59785
86.82177
87.02264
87.22591
87.45
87.66669
87.89486
88.09811
88.32275
88.53907
88.74693
88.97124
89.18706
89.39516
89.61141
89.81961
90.02696
90.24699
90.4552
90.65533
90.89499
91.09106
91.28763
91.51527
91.72349
91.95947
92.16811
92.39126
92.60747
92.80777
93.01176
93.23202
93.47164
93.67711
93.90507
94.11258
94.31021
94.52029
94.74864
94.97635
95.17685
95.39249
95.61693
95.83263
96.03289
96.25693
96.46527
96.67245
96.8886
97.08843
97.31271
97.51641
97.74946
97.95353
98.19029
98.40186
98.60172
98.82228
99.03345
99.24158
99.46218
99.67373
99.88622
100.1055
100.3059
100.5381
100.7375
100.9272
101.167
101.3789
101.5914
101.7996
102.0186
102.2428
102.4708
102.6748
102.8825
103.1148
103.3266
103.5313
103.7515
103.9681
104.1545
104.4081
104.6236
104.8243
105.0243
105.2516
105.4521
105.664
105.9035
106.116
106.3156
106.5275
106.7238
106.9602
107.1809
107.3927
107.6124
107.8249
108.0404
108.2485
108.4524
108.6684
108.8843
109.105
109.3247
109.5369
109.742
109.9576
110.1694
110.3816
110.6062
110.8216
111.0174
111.2334
111.4459
111.6577
111.8663
112.0779
112.3021
112.5058
112.7415
112.9538
113.1616
113.3737
113.5853
113.7911
114.0344
114.2424
114.4575
114.667
114.8787
115.0942
115.2865
115.5071
115.7343
115.9507
116.1623
116.3752
116.6071
116.8305
117.0385
117.2428
117.4506
117.6622
117.8748
118.0908
118.3184
118.532
118.7399
118.9599
119.1721
119.3794
119.5961
119.8083
120.0115
120.2315
120.4475
120.6635
120.8756
121.1036
121.3235
121.5516
121.7676
121.9836
122.1838
122.396
122.5876
122.8039
123.0199
123.2565
123.4605
123.661
123.8725
124.0887
124.3124
124.5213
124.7326
124.9724
125.1687
125.3807
125.6205
125.8324
126.0325
126.2486
126.4727
126.6966
126.897
127.089
127.3042
127.5015
