12.73081
13.83187
14.87285
15.97259
17.08059
18.13275
19.19342
20.30213
21.39811
22.48339
23.55098
24.67583
25.76455
26.86484
27.96165
29.04734
30.099
31.26758
32.33951
33.44149
34.48856
35.59814
36.66642
44.87059
45.95029
47.03191
48.10312
49.19109
50.29243
51.39677
52.52997
53.58522
54.69395
55.77833
56.81022
57.93048
59.01438
60.12
61.24331
62.31651
63.4488
64.50818
65.57623
66.64886
67.76942
68.90196
69.98603
71.04608
72.1292
72.66555
73.2144
73.75038
74.30626
74.84622
75.40667
75.94727
76.49196
77.02383
77.60027
78.12096
78.68053
79.2415
79.79381
80.3336
80.86963
81.38686
81.94228
82.49886
83.07058
83.62736
84.13931
84.69138
85.20831
85.7718
86.27962
86.85259
87.41312
87.98931
88.52977
89.06538
106.5787
107.0668
107.5995
108.1276
108.644
109.2239
109.7754
110.3405
110.8563
111.4212
111.9525
112.4978
113.0337
113.5735
114.1106
114.6586
115.2224
115.7665
116.3067
116.8742
117.3981
117.9599
118.4956
119.0312
119.5801
120.1162
120.661
121.2402
121.7777
122.326
122.8854
123.4572
124.5414
124.7815
125.0733
125.3462
125.5776
125.8535
126.1343
126.4055
126.6907
126.9669
127.207
127.5067
127.7835
128.0671
128.315
128.5963
128.8836
129.1356
129.4274
129.6994
129.9601
130.2198
130.4875
130.756
131.0484
131.32
131.6075
131.8683
132.1649
132.3853
132.6966
132.9446
133.2372
133.4927
133.7849
134.0411
134.3488
134.6009
134.8931
135.1847
135.4468
135.7167
136.0181
136.2418
136.5137
136.7786
137.0742
137.3579
137.606
137.8825
138.154
138.4179
138.7139
139.0103
139.2658
139.5058
139.8062
140.0954
140.3467
140.6307
140.9026
141.1947
141.4464
141.9668
142.4883
143.0276
143.5441
144.0893
144.6368
145.189
145.7305
146.2617
146.8056
147.3254
147.8692
148.421
148.9616
149.5453
150.1275
150.6691
151.2171
151.7449
152.2946
152.834
153.3821
153.9341
154.4498
155.0027
155.5341
156.1027
156.6595
157.2109
157.7584
158.3152
158.8923
159.9598
161.0592
162.1191
163.1915
164.275
165.3751
166.4355
167.5602
168.62
169.7359
170.8246
171.9558
172.9841
174.0966
175.1726
175.741
176.309
176.8332
177.3575
177.9101
178.4413
178.9861
179.5534
180.1306
180.6702
181.2426
181.7747
182.3242
182.8197
183.3759
183.9112
184.4673
185.0563
185.3442
185.6081
185.876
186.1485
186.3968
186.7019
186.965
187.2332
187.5088
187.7973
188.0491
188.3407
188.6131
188.8699
189.1379
189.4138
189.6741
189.9742
190.2183
190.5188
190.7782
191.0425
191.3223
191.5624
191.8381
192.1513
192.4071
192.696
192.927
193.2193
193.4759
193.752
193.9913
194.3069
194.5959
194.859
195.1111
195.407
195.6635
195.9551
196.2436
196.5156
196.7592
197.028
197.3071
197.5872
197.8314
198.139
198.4237
198.707
198.9711
199.2511
199.495
199.7592
200.0352
200.3273
200.5875
200.8757
201.1388
201.4227
201.6828
201.975
202.2546
202.5067
202.7868
203.0633
203.3349
203.5751
203.8587
204.1508
204.3915
204.6836
204.9677
205.2111
205.4911
205.7471
206.0437
206.3031
206.555
206.8469
207.4026
207.9362
208.4724
209.0573
209.6368
210.1688
210.7082
211.2523
212.3376
213.4289
214.5129
215.602
216.674
217.7417
218.815
219.9206
221.0087
222.1204
223.2293
224.2694
225.395
226.5032
227.5917
228.6553
229.1875
229.8076
230.3315
230.8672
231.3912
231.9728
232.5161
233.0489
233.5575
234.1409
234.6814
235.2421
235.77
236.3183
236.8579
237.394
237.9151
238.4587
239.0507
239.5877
240.124
240.6598
241.2052
241.7282
242.2732
242.8572
243.4214
243.9537
244.4568
245.018
245.574
246.162
247.2477
248.3077
249.4043
250.468
251.5849
252.649
253.73
254.8264
255.9474
257.0212
258.113
259.208
260.3274
260.8589
261.3955
261.9429
262.4985
263.0416
263.5659
264.1212
264.6762
265.2086
265.7476
266.2914
266.8666
267.4305
267.9615
