9.349571
9.59039
9.854073
10.12197
10.38272
10.64999
10.92598
11.16186
11.458
11.7387
11.97834
12.25938
12.54321
12.82339
13.07502
13.3354
13.62313
13.88358
14.14315
14.41977
14.66318
14.9314
15.21175
15.4633
15.76309
16.03105
16.3154
16.56322
16.81498
17.11146
17.37572
17.64755
17.91489
18.47923
19.03141
19.5283
20.04464
20.57229
21.13205
21.68487
22.2095
22.76927
23.32114
23.84102
24.34981
24.89746
25.44519
25.94939
26.45732
27.02087
27.54262
28.06992
28.59004
29.14629
29.69108
30.21905
30.77138
31.31891
31.85091
32.39592
32.90031
33.45614
33.99615
34.54001
35.0764
35.60417
36.12801
36.38871
39.1004
39.63219
40.16043
43.60181
44.12948
44.68197
44.92672
47.65667
48.19275
48.67604
52.18084
52.6893
53.19332
53.77391
54.33376
54.82992
55.33477
55.93079
56.47912
57.00678
57.55097
58.07881
58.63531
59.14688
59.71647
60.21204
60.77267
61.3163
61.8599
62.37626
62.91994
63.44431
63.97707
64.52179
65.03697
65.59697
66.11376
66.63843
67.18208
67.70654
68.27114
68.82384
69.35557
69.87928
70.45256
70.72466
73.34509
73.91341
74.45768
77.91579
78.46351
79.01169
79.27132
81.97633
82.52074
83.04117
86.52509
87.02518
87.52129
87.80542
90.50201
91.0342
91.61044
95.07033
95.59825
96.14326
96.43152
99.12733
99.67538
100.2037
103.6689
104.1856
104.7046
105.2283
105.7693
106.2926
106.8374
107.4005
107.965
108.4608
108.9855
109.5337
110.0778
110.6099
111.1255
111.6739
112.2221
112.7506
113.279
113.8224
114.3425
114.8509
115.4103
115.9581
116.5024
117.0105
117.5823
118.1234
118.6441
119.1874
119.716
120.2476
120.8155
121.3203
121.8361
122.3882
122.8965
123.436
123.964
124.5124
125.044
125.6005
126.1559
126.6844
127.2239
127.748
128.2757
128.832
129.3647
129.8978
130.4371
130.9496
131.5087
132.0294
132.5626
133.106
133.6495
134.146
134.7139
135.2382
135.7707
136.2863
136.8703
137.4267
137.9503
138.9944
139.2821
139.4108
139.5308
139.7832
139.9159
140.0514
140.3156
140.4393
140.5756
140.8434
140.9876
141.132
141.4313
141.5719
141.7039
141.9516
142.0799
142.2033
