12.71842
13.49212
14.25581
15.00417
15.76388
16.48517
17.22921
17.98175
18.73686
19.47436
20.25808
20.96696
21.74752
22.50317
23.26424
24.00837
24.73577
25.1006
25.4927
25.86868
26.23174
26.62082
27.00932
27.37295
27.75304
28.10882
28.49812
28.8786
29.26987
29.63013
29.99844
30.3747
30.74304
31.1107
31.49508
31.87877
32.26297
32.63514
33.01549
33.38291
33.74412
34.12796
34.49613
34.868
35.23618
35.62865
35.98954
36.35685
36.72934
39.70172
40.45387
41.25496
41.98689
42.74276
43.48669
44.24012
45.00763
45.7437
46.45708
47.20913
47.98893
48.71281
49.44969
50.1975
50.93008
52.09851
52.47543
52.87553
53.23598
53.62038
55.08454
55.47683
55.85664
56.22104
58.04967
58.43736
58.83765
59.20189
59.57434
61.08237
61.45865
61.83155
62.20341
63.74753
65.26044
65.82078
66.32584
66.71324
69.98739
70.18308
70.39056
70.55432
70.75494
70.94273
71.16671
71.54268
73.08781
73.25565
73.45531
73.63955
73.83176
74.00779
74.19952
75.86828
76.0647
76.24841
76.45224
76.65218
76.85632
77.04859
77.24155
77.62561
79.07817
79.24965
79.47326
79.66569
79.84931
80.01347
80.24303
80.64703
80.80267
81.01089
81.19858
81.3867
81.54312
81.7623
83.58347
83.78723
83.96013
84.15572
84.35143
84.54785
84.73573
86.55566
86.7324
86.95988
87.13549
87.33239
87.53156
87.72359
89.5926
89.78455
89.96465
90.17295
90.34474
90.53688
90.74097
91.12514
91.26885
91.47784
91.66214
91.83444
92.02644
92.23375
93.71761
94.1226
94.50668
94.87865
95.23893
95.60694
95.97083
96.33942
96.70679
97.0877
97.46376
97.84076
98.21996
98.5679
98.95599
99.32844
99.70386
100.1057
100.4968
100.8658
101.2411
101.6215
102.0051
102.3773
102.7496
103.1017
103.4971
103.8811
104.2502
104.6377
104.9978
105.3863
105.734
106.1377
106.4859
106.8596
107.2147
107.6031
107.9831
108.3548
108.7306
109.1349
109.5029
109.8793
110.2485
110.6118
110.9836
111.3726
111.7445
112.1281
112.4684
112.8681
113.2489
113.6246
114.0165
114.3646
114.7447
115.1167
115.4728
115.8204
116.2177
116.6021
117.0015
117.3814
117.7173
119.5784
119.9785
120.3587
120.7145
123.0028
123.3802
123.7478
124.3602
124.8594
125.2513
125.8206
126.3211
126.6974
129.0047
129.3777
129.75
131.306
132.7426
