3.954713
4.107685
5.25313
5.400376
6.509176
6.65759
7.773714
7.921286
9.025801
9.165298
10.27481
10.41825
11.51429
11.65856
12.77046
12.92291
14.04745
14.21579
15.31935
15.47163
16.60811
17.25165
17.88876
18.51245
19.13237
19.75653
20.40832
21.02439
21.65228
22.2963
22.94431
23.5443
25.42604
25.5819
26.72567
26.87728
27.96574
28.1222
29.2267
29.38709
30.49472
30.6505
31.73129
31.9114
33.04774
33.20335
34.23925
34.92768
35.58018
36.18314
36.78512
37.41317
38.08069
38.72828
39.32106
39.96437
40.60032
41.25615
41.85006
42.49707
43.12906
43.74138
45.02161
45.18211
46.27041
46.41403
47.5586
47.71055
48.80701
48.96342
50.07517
50.40714
50.72394
51.05301
51.34452
51.65621
51.9566
52.26867
52.60886
52.93285
53.24924
53.56517
53.86561
54.19307
54.50512
55.15778
55.78516
56.38517
56.99303
57.63406
58.294
58.92216
59.53104
60.80743
62.04461
62.19678
63.33693
63.50054
64.58799
64.74442
65.87684
66.0245
67.0929
67.76971
68.42188
69.037
69.65732
70.25379
70.87292
71.56129
72.18637
72.82612
73.47005
74.06599
74.6946
75.3378
75.99781
76.61482
77.2427
77.88714
78.48298
79.13863
79.72688
80.41853
81.01956
81.6441
82.25201
82.58859
82.91694
83.23248
83.56023
83.87971
84.20411
84.51602
